24718
1275
16
33
15
23606
25398
298
25000
24961
28
12407
24621
23665
5947
20
36
364
4677
4754
4561
97
150
25233
750
25128
25139
24295
1685
7174
22838
26187
24702
24329
40
25147
25748
24697
25220
24682
25020
112
10
74
24251
304
9816
14439
692
23766
24533
470
16944
4690
793
6550
60
23547
25404
25125
25686
3536
1900
1426
23637
24893
25050
8018
10005
22455
2519
210
859
394
23311
24202
25694
17255
11088
24808
17308
2781
4328
8417
24922
24913
23813
24266
21525
24054
11821
24904
24957
24222
1671
16886
20998
66
651
23938
298
24158
23703
24963
15
26
192
25723
25290
24367
25562
25175
9283
25269
24105
23940
25238
24314
24746
25390
25321
121
155
25355
98
407
15
1
27
575
2875
23988
24740
24645
123
25266
24805
25437
25436
24743
24141
207
113
5433
7335
207
7441
7305
176
4914
24849
5033
7635
9567
91
91
82
23891
9690
9610
10048
24755
5044
15495
24598
22302
16605
101
5105
24696
6752
3424
1025
536
128
107
474
229
32
5069
24426
247
23878
23463
25360
25588
24171
18940
21937
24
21704
24947
25459
23659
209
102
47
900
21122
24737
24444
153
4259
24378
56
16
2478
24617
485
25108
0
24230
252
9
5315
12619
23231
4850
4819
24940
25446
24389
24684
24030
25135
527
7252
25086
66
45
26
26445
25057
36763
23999
41
25446
24411
12870
12869
13079
5545
3173
4760
268
24096
4844
13268
24398
25394
24876
733
18781
24342
576
244
24760
260
22948
23145
25335
15099
15100
13891
25021
25430
500
5123
2828
1770
4257
25417
24476
23815
534
24722
24212
3049
13001
19364
21584
24750
24750
24750
25412
25573
24725
3388
7962
25336
5221
1128
24929
1733
889
4706
24051
24757
998
966
23295
305
69
24477
4632
12551
23390
4715
12822
24504
12567
23773
12692
12841
5691
2152
3897
56
161
514
449
85
776
130
7216
25664
1755
99
990
49500
24995
24701
25269
2099
41
5070
5094
24374
49
517
87
20301
20301
20301
23703
56
9586
14419
139
200
30
24232
23503
25242
24642
23507
69
24944
79
499
96
12010
3367
13975
24378
23644
25000
22190
25317
24885
25391
24116
23459
24655
1625
23752
24390
159
21341
563
996
24558
24673
24383
622
6916
9865
24715
24715
853
24715
809
120
27500
713
4693
24789
10557
17077
7400
24587
107
263
529
24689
24279
25318
15009
18854
25356
183
24789
5031
24971
24750
22750
24849
25
5220
24374
27965
27955
24847
25598
4987
14246
10176
21323
20742
20506
25243
24458
9257
74
12441
5303
22515
590
2367
10562
23291
24711
24562
276
25271
378
161
23059
340
4679
971
236
236
267
24130
26237
14257
498
596
5365
2541
5082
24057
24138
895
409
25141
148
25046
24930
24648
25689
25864
24716
25311
23551
24304
25332
1489
25827
24616
2486
2044
21465
25010
24461
24793
24403
23454
256
25050
24966
24767
24161
21
199
33
15
505
5142
64
24271
733
25868
23817
24296
25461
25226
24386
24447
9900
75
4950
24556
633
683
761
524
1221
5278
25984
25945
101
25975
24812
7378
93
25200
23941
24199
4814
25563
4054
1482
25402
24608
25065
25116
25848
24528
11616
18767
24513
24294
2922
696
25760
4822
19419
1064
24518
24263
24085
153
60
12212
12362
38
198
519
276
24639
24508
25003
25940
23595
25533
25258
12750
500
2794
466
461
51
24462
25219
24674
346
24975
23818
12295
25547
24512
25358
24003
24358
15
19217
10368
24538
21587
24261
24347
24069
25489
25127
24957
24263
24986
24188
