12359000
12587500
10026962
79762
12610229
3028576
12629000
12345615
3067250
31875
6155250
12616500
100
1216
160
1363060
2461536
11699373
593
1835239
12634715
12300
2070
322
281
115
72
12034554
12048440
12015000
7302365
11565647
50189
503649
3215638
12623242
556053
325401
29955
152
264
369
9845246
8915118
7949
12293500
12327381
12423500
176
906
4254499
362
32630
1204
368
1200
1589
57022
206421
5083235
792
1616
954
12319500
24508
12501500
12970000
11797500
12715071
69250
250000
6508
4660
1905
257
12231000
12538963
12020731
3460
11909000
3073750
866491
201142
191915
11922246
270360
60
7189217
2249856
9390345
9446015
12094550
12034500
12744500
12490067
12298476
12131500
12467018
12094000
38
57
51
11263346
76320
1315
11384300
12370562
166
3101750
11406530
731481
61
439
7117
467700
466628
456100
193
429
1496
12564000
12458710
12147500
58975
1076100
10214838
13093500
12162154
134028
4608744
74983
95333
12610000
12341000
12443148
314
26
266
12056429
1963200
4311897
4148
11883000
12266500
1257
5413671
422100
1648
19569
12359000
12587500
9924036
75899
12536749
3028576
12629000
12332223
3067250
31875
6155250
12545451
160
718
140
1363060
2444728
12002946
569
1856600
12626249
12300
2070
268
281
115
72
12151242
12115000
11990970
7865092
11950605
50105
468624
3126685
12499887
416357
262177
37516
152
336
293
9917592
9095993
10512
12225587
12128499
12423500
179
973
4277100
362
37225
670
410
1200
1203
64368
197984
5101875
792
1121
1007
12319500
24508
12476497
12970000
11732571
12711087
69129
12316354
12587500
10310795
79762
12610229
2994470
12629000
12359000
12587500
10000530
76799
12280300
12359000
12359000
12587500
7949822
76007
12610229
3028576
12629000
12332223
3067250
31875
6155250
12616500
160
608
240
1363060
2403826
11891846
543
1806120
12677500
12300
2070
268
281
115
81
12222000
12115000
12015000
4534035
12359000
12587500
9359401
75791
12610229
2986828
12629000
12359000
12587500
12299920
12587500
9476372
79762
12610229
3028576
12629000
12345615
3067250
31875
6155250
12359000
12587500
10059133
79762
12610229
2935111
12629000
