12359000
12587500
10350201
79762
12610229
3028576
12629000
12452565
4738546
31875
6155250
12616500
160
1216
240
1363060
2461536
12002946
646
1856600
12677500
12300
2070
322
283
115
81
12222000
12115000
12015000
7247944
12013446
50594
512300
3250250
12668000
688353
532432
50813
205
336
483
9941120
9133948
13648
12293500
12394500
12423500
192
1006
4277100
444
37225
1536
768
1200
1818
70243
262082
6143419
792
1664
1048
12319500
24508
12501500
12970000
11797500
12766500
127500
250000
6751
4660
1905
290
12231000
12609500
12100077
3460
11909000
3073750
936298
314123
288123
12001500
430632
87
7244809
2249856
9390345
11098846
12173500
12034500
12744500
12563500
12478500
12131500
12493000
12094000
38
95
51
11576692
82507
1325
12006600
12431635
166
3101750
11406530
731481
94
576
10108
467700
475400
456100
194
488
1620
12564000
12569500
12147500
58975
1076100
10277100
13093500
12312354
152269
6306000
78175
105985
12610000
12341000
12510000
314
40
274
12125500
1963200
4331700
4928
11883000
12266500
2305
5710128
422100
1653
20534
11773500
12702000
12167377
12843000
282880
5347
3879
11793867
12360506
12477540
2101050
10149660
141064
4200
6076
980
10888955
12101000
12771756
5659640
11957456
5884720
166860
380864
1329886
12461000
12425611
11906500
12060202
9535575
3002534
12089812
12428586
12111000
51801
5741240
8861156
314
1301
11178700
9948670
1076908
6726553
113
294
768
962176
635281
587238
12781000
12634500
12052500
11970000
12619000
12157000
12373000
12695000
12660500
363
775
686
989
153
2
63
1279
6372
11994000
12370000
12322500
12633000
12402500
12718500
2799615
5052844
9939837
642
419
8095
36177
35367
38114
704
491400
12424500
503300
1145250
1913400
371
392
11585395
1938000
1922000
2009600
12277001
496710
4619893
12225206
10325826
5579280
485546
12308364
931241
232832
19475
8040
1130
467
2838
229
506900
12213000
494
11939000
11731500
12680000
12794000
11741012
7329780
9498721
10048952
463015
462005
475287
1045
204
187
90000
106506
12368500
612
425900
12189000
392
121
123900
12308500
242500
12554000
0
1512
27
531500
3154750
11615500
96026
461781
12192384
12630444
12133757
12567500
5270
1087800
12517914
191
130
128
9976492
12449560
705043
164
12723000
12205500
1958952
2132722
2368856
277429
57691
254411
1024
484400
6634000
12199000
12697000
12438000
14660
7042875
12171000
2542
824
1460
273432
202718
2458715
129124
7550000
84849
12510500
12715000
250000
21146
31693
43095
837683
634983
1076690
5340
12361000
11724563
170744
7319592
9367456
12375000
12375000
12375000
12706000
8834863
4232411
233772
1226148
505669
45120
12464500
38314
3073
470600
227891
12378500
499000
9546
2135
345
24477
463200
3137750
11695000
471500
3205500
12252000
6213063
6298502
6398197
569100
107600
292275
265
633
1984
2309
425
650
1060752
12806336
70200
24354
50292
6247890
624875
847114
12530460
507000
509400
12187000
392
5687
1305
6277910
6165043
6172793
11495955
1993888
4037320
462
855
120
73545
11751500
2810088
12321000
11753500
12472000
687
1870
204
3218680
222222
4262375
12189000
11822000
12500000
12658500
12442500
12695500
5610857
5502408
5125295
20048
3487998
1002914
1590
17453
19920
12279000
12336500
12191500
9330
933660
1973000
3891945
3661024
3892836
6112
860
8023400
14260
469300
12394500
2259198
6062335
1095200
315
121506
256565
12344500
12139500
12659000
4502700
7541600
12678000
915
503100
12485500
12175047
11230628
12424500
186
522000
12187000
119133
117017
7621903
498700
4273800
10176
8955660
8711640
8612520
11048738
12229000
542676
3110250
530300
10131750
5900
118350
2112400
8905296
8388068
9702483
4692
2576
11529500
2040
416431
14565
497
391
1565
12065000
13092263
248004
5960
536500
127050
508200
11956329
11996586
16465
4090
12570500
12523000
12465000
12324000
12844500
12932000
12358000
12655500
11775500
12152000
82587
84508
79533
121814
89936
9251415
12505000
12230500
12396500
12201500
11727000
12525000
12483000
12383500
12080500
126
995
231
57
5050
514200
12095791
157945
4873990
11015760
11211660
11690106
12613000
9567956
11872642
990000
65172
12278000
5439
7083
9281
5240
26862
527800
12992000
12972500
12987500
1676886
665910
930
12600000
11970500
12099500
296943
7393527
223237
12189742
4531432
408248
12558000
12924000
12264000
2904000
7037625
12256500
12147000
246216
12880000
482200
7767600
26600
12259000
12131500
12042500
435
180
106
