12359000
12587500
10341781
79762
12578000
3012428
12629000
12487500
3067250
31875
6155250
12590271
160
1216
240
1363060
2461536
12002946
620
1856600
12677500
12300
2070
268
283
115
80
12222000
12115000
12015000
6333818
11661044
50435
505315
3206217
12668000
391133
273487
25032
205
336
483
9846568
9133948
13648
12293500
12394500
12423500
179
973
4277100
444
37225
1204
541
1200
1685
56006
243173
6083898
792
1616
1007
12319500
24508
12501500
12970000
11797500
12766500
73813
250000
6751
4660
1905
268
12231000
12609500
11670136
3460
11909000
3073750
794303
279582
212152
12001500
2821002
87
7244809
2214423
9390345
10035126
12144173
12034500
12687637
12563500
12478500
12131500
12493000
12094000
38
95
51
10909953
78840
1304
11716000
12375522
166
3101750
11406530
731481
94
412
7198
467700
475400
456100
194
488
1502
12564000
12569500
12147500
55046
1064190
10277100
13093500
12213902
130610
5306072
72497
107694
12610000
12341000
12510000
314
40
266
12125500
1963200
4331700
4735
11883000
12266500
1490
5591493
422100
1653
19974
11773500
12702000
12226147
12843000
274118
5386
3763
11727082
12216541
11987188
2101050
10149660
141064
4200
5447
839
10937323
11974909
12713478
5659640
11957456
5884720
166860
380864
1329886
12433090
12196371
11906500
12060202
9535575
3002534
11551070
12383856
12111000
51801
5741240
8861156
250
1301
11180101
9948670
949659
6726553
113
194
768
480863
562189
514181
12781000
12634500
12052500
11970000
12619000
12157000
12373000
12695000
12660500
363
775
686
995
153
2
63
1270
6299
11994000
12370000
12322500
12633000
12402500
12664179
1786607
4720297
8255875
642
419
8095
48902
47350
43592
704
491400
12424500
494249
1145250
1913400
371
392
11495773
1938000
1922000
2009600
12291709
471988
4516112
12182293
10325826
5579280
475323
12081936
890469
232832
19475
6230
1130
467
1677
229
506900
12213000
494
11939000
11700069
12359174
12647409
11350425
7329780
9498721
10048952
4408718
5845352
4598854
1045
204
127
90000
106456
12368500
612
425900
12189000
392
68
123900
12308500
242500
12554000
0
1512
19
531500
3139651
11615500
93983
433528
11834625
12723000
11940557
12508284
5270
1087800
12517914
188
120
114
9750381
11890486
689908
164
12723000
12205500
1792392
1886246
1778149
277429
55864
216304
835
484400
6634000
12199000
12697000
12438000
12089
7042875
12171000
2287
824
1460
253822
179874
1206434
98947
7550000
65812
12510500
12715000
250000
17896
25871
36833
611068
633394
613935
5340
12361000
11662277
170744
7319592
9367456
12375000
12375000
12375000
12706000
8808018
11250874
233772
1226148
484648
45120
12464500
31173
2797
470600
225356
12378500
499000
9530
2135
345
24477
463200
3137750
11695000
471500
3205500
12252000
6148885
6252212
6364135
569100
107600
292275
265
633
1984
2309
425
650
1060752
12806336
70200
23859
40689
3435894
624875
544088
11842274
507000
509400
12187000
295
4918
1305
5927346
6115545
5847613
11495955
1993888
4037320
462
855
120
73078
11751500
2360860
12321000
11753500
12472000
687
1725
203
3218680
222222
4262375
12141216
11822000
12500000
12658500
12442500
12695500
4624682
4123095
4392699
19001
1544232
964166
1367
17453
19920
12231534
12336500
12191500
9330
926611
1973000
2247272
1507418
2394141
6072
620
7868740
13367
469300
12394500
2259198
6062335
1095200
315
110505
162559
12344500
12139500
12659000
4502700
7541600
12678000
915
503100
12485500
12270940
10854616
12424500
159
510018
12187000
111372
114324
4664604
498700
4273800
10176
8955660
8711640
8612520
10040332
12229000
886895
3110250
530300
10131750
4822
118350
2084810
7740681
7304740
8774970
3831
2576
11529500
2040
416431
14565
497
391
1439
12065000
13092263
248004
5960
536500
127050
508200
11930787
11941758
10368
4090
12435653
12523000
12465000
12324000
12733106
12932000
12358000
12655500
11775500
12152000
78819
80082
75965
121814
82848
9224373
12505000
12230500
12365233
12201500
11727000
12525000
12483000
12383500
12080500
126
995
183
57
5050
514200
12080851
90096
3871083
10131420
10547178
10926796
11781145
7342232
9888691
269749
65172
12278000
4545
5878
8705
5240
26862
527800
12992000
12972500
12987500
933368
287407
930
12600000
11970500
12099500
258529
7465208
185079
11500305
8058102
2448079
12558000
12924000
12264000
2904000
7037625
12256500
12147000
291352
12880000
482200
7767600
26600
12259000
12131500
12042500
435
180
106
