11954776
12587500
7592917
79762
12202786
3012182
12629000
12487500
3051667
2690
108590
12589773
160
1216
160
1363060
2393712
12002946
620
1856600
12577190
12300
2070
268
283
110
80
12222000
12043460
11889558
2457174
11371557
50435
457091
2960838
12060756
189188
142421
8586
155
188
483
9735023
8873914
13648
12256961
11981816
12423500
176
919
4081208
444
25625
661
352
1200
1081
34029
198492
2042186
792
1319
856
12319500
24508
12501500
12970000
11797500
12766500
35327
250000
6751
2362
1905
290
12162732
12505990
10036338
2922
11792420
2982220
275802
148891
131291
11838827
121688
54
7178400
2214423
9108475
7278524
11475218
12034500
12563032
12406385
12478500
12131500
12408308
12035208
22
95
51
10696453
78668
1220
10965200
11603319
106
2962180
11406530
731481
94
165
3120
456065
450628
448893
194
479
1492
12564000
12569500
12147500
45668
999910
10277100
13093500
11813892
96798
1121569
64300
86123
12178170
12297394
12450618
314
26
266
12125500
1947246
4204769
4340
11883000
12266500
1434
5318865
415122
1653
19974
11773500
12702000
10063758
12800880
261205
5293
3763
11230697
11626454
10893781
2084597
10149660
135038
4200
2398
839
10182944
11334057
12269921
5659640
11957456
5757646
156195
380864
1287459
12257008
11734153
11906500
11935849
9468380
2890230
10341116
11690692
12038748
51801
5741240
8700750
202
1301
10899217
5709328
951821
6726553
99
98
768
220264
251416
207155
12781000
12528410
11823732
11970000
12364116
11814452
12273412
12695000
12660500
363
775
350
873
153
2
54
1150
5750
11862696
12370000
12322500
12562416
12242129
12612956
441199
836476
7783005
642
419
8095
21483
21048
22546
508
437716
12096798
437024
1145250
1913400
371
392
10236789
1818870
1872606
2009600
12066886
422338
4187160
11956603
10325826
5385366
464394
11267314
741006
232832
19475
4993
1130
309
1473
229
506900
12213000
494
11790796
11657790
11637977
12039488
10053429
7310455
9338298
10048952
199418
163860
156576
1045
204
127
90000
106187
12368500
612
393477
11795766
392
70
123900
12240418
241034
12313892
0
1512
19
504651
3042935
11615500
44965
351403
10860589
12274463
11288426
11467474
5270
1087800
12517914
188
95
81
2934369
11336247
237480
164
12723000
12015852
590576
747286
835768
277250
22799
71525
732
444692
6606968
11997852
12538844
12386232
5054
7042875
12171000
2287
758
1460
159205
137921
592026
72323
7428592
44539
12510500
12715000
247018
12266
9249
17725
233364
222155
278101
5340
12106284
10628887
138810
7319592
9149069
12375000
12375000
12375000
12706000
7164180
10705720
217896
1184946
416344
41100
12410687
7928
2214
470600
224056
12252602
338602
9204
2135
345
24477
433700
2972013
11380482
416875
3124334
12172736
6008502
6188891
6065168
569100
93364
272482
265
483
1542
1354
425
650
1060752
12562272
65823
2178
24354
939510
71941
213336
11489231
481788
484140
12187000
295
1887
1305
1621975
2376038
3684970
11409588
1993888
4037320
462
781
120
73078
6204610
125502
12321000
11753500
12472000
687
1348
192
3218680
197474
4262375
12141216
11822000
12500000
12539914
12303625
12586190
1462231
1348194
1147814
11760
414972
179153
1216
17453
17376
12031906
12336500
12191500
7393
870055
1973000
674078
536451
559610
2188
620
2258190
5164
469300
12173820
2212551
5965385
1071904
315
79144
52161
12344500
11647867
12512898
4425921
7417184
12400300
915
480558
12053983
11376334
10104784
12424500
159
496488
12187000
99079
90823
2997983
498700
4124270
10176
8844381
8711640
8612520
2513034
12029162
85378
2912010
501166
9879255
3126
95275
2001640
4744030
2750750
3351910
2386
2576
11329925
2040
243881
7935
497
391
705
11939752
13092263
248004
2838
494892
107058
508200
11761533
11863779
4999
1765
12182798
12330290
12363556
12295368
12483885
12932000
12358000
12655500
11775500
12152000
78819
80082
75965
101251
82848
9104220
12505000
12049154
12178264
12201500
11727000
12525000
12286748
12383500
11930299
126
995
183
57
2684
441646
11799407
20216
907367
8508237
6960335
7847473
6588699
3573395
4085160
39446
9900
12086788
2178
2808
5327
4596
26862
527800
12992000
12702145
12789628
402383
128544
672
12573306
11970500
12024814
126817
7220292
148957
11431833
4456412
419363
12342408
12738110
12183696
2841336
6993867
12256500
12147000
206448
7637024
482200
7674964
23716
12259000
12049246
11927370
435
180
90
