12359000
12587500
9347668
79762
12495337
3028576
12629000
12487500
3052615
31875
6155250
12589773
160
1216
240
1363060
2434608
12002946
620
1856600
12577190
12300
2070
268
283
115
80
12222000
12043460
11889558
5484143
11551939
50435
489574
3206217
12573592
422004
319473
22350
205
336
483
9895738
8873974
13648
12256961
12054877
12423500
179
919
4081657
444
35230
1204
664
1200
1685
65836
243173
6083898
792
1319
1007
12319500
24508
12501500
12970000
11797500
12766500
81660
250000
6751
2954
1905
268
12205044
12505990
11670136
2922
11792420
2982220
693907
253298
198177
11966541
2821002
87
7178400
2214423
9240779
10240532
11874502
12034500
12642930
12537377
12478500
12131500
12493000
12035208
38
95
51
10909953
78840
1305
11862200
11845482
166
2996462
11406530
731481
94
478
4226
456065
467706
448893
194
488
1502
12564000
12569500
12147500
47429
1043502
10277100
13093500
12033915
134745
4464934
72497
107694
12484664
12297394
12450618
314
26
274
12125500
1947246
4224415
4928
11883000
12266500
1648
5506613
415122
1653
19974
11773500
12702000
11558421
12800880
276068
5146
3763
11281918
12085463
12093072
2084597
10149660
141064
4200
5356
920
10578677
11561261
12344104
5659640
11957456
5841048
156195
380864
1287459
12257008
11961921
11906500
12032471
9472155
2911953
11357101
12217579
12038748
51801
5741240
8812858
290
1301
11100703
9948670
949659
6609660
99
258
768
569143
466529
475903
12781000
12528410
11979093
11970000
12550436
11814452
12273412
12695000
12660500
363
775
518
873
153
2
63
1235
6290
11930670
12370000
12322500
12562416
12242129
12612956
2022713
3531078
9218155
642
419
8095
48902
47350
45169
508
491400
12172585
482467
1145250
1913400
371
392
11209368
1915440
1877958
2009600
12208839
471299
4565369
12153583
10325826
5533617
475323
12087042
741672
232832
19475
6347
1130
467
1996
229
506900
12213000
494
11907652
11700069
12416302
12643828
11236036
7310455
9498721
10048952
5861313
5845352
4660292
1045
204
123
90000
106440
12368500
612
413703
12134742
392
102
123900
12254003
242015
12392720
0
1512
19
508486
3123035
11615500
79998
460719
11253668
12485366
11938708
12508284
5270
1087800
12517914
188
120
88
9950864
12400753
576059
164
12723000
12015559
1362093
1729298
2389058
277429
68623
97094
835
444692
6620234
11997852
12477547
12386232
11607
7042875
12171000
2287
824
1460
239433
179874
1280806
87738
7428592
58383
12510500
12715000
248008
17896
17771
26809
496735
633394
880564
5340
12296438
11275870
159770
7319592
9288515
12375000
12375000
12375000
12706000
8825777
11250874
217896
1184946
454953
42890
12410687
30983
2941
470600
227891
12325855
496012
9535
2135
345
24477
433700
3018414
11381420
462375
3163554
12191142
6155751
6252212
6314330
569100
100888
282392
265
633
1984
1519
425
650
1060752
12762283
65823
24057
40689
3435894
624875
342868
12006404
493992
496368
12187000
295
3610
1305
3174355
3744883
3724035
11409588
1993888
4037320
462
781
120
73078
6204610
2275212
12321000
11753500
12472000
687
1712
192
3218680
214119
4262375
12141216
11822000
12500000
12658500
12409647
12621305
2917674
2581861
4029440
16562
515999
314430
1216
17453
19920
12209622
12336500
12191500
7393
897689
1973000
2030519
1410043
2074654
6083
620
2588300
7015
469300
12202230
2215507
6037492
1095200
315
106095
57429
12344500
11960947
12627208
4425921
7521552
12400300
915
490131
12053983
12159086
11024100
12424500
159
508842
12187000
111080
113492
9711319
498700
4273800
10176
8844495
8711640
8612520
6226054
12189602
886895
3096569
515687
10093555
4582
110561
2001640
5437730
5940591
6577728
4401
2576
11329925
2040
255304
7935
497
391
1027
11939752
13092263
248004
5960
527411
127050
508200
11761533
11863779
7297
4090
12361750
12330290
12363556
12295368
12738452
12932000
12358000
12655500
11775500
12152000
78819
80082
75965
121814
82848
9104220
12505000
12196079
12365233
12201500
11727000
12525000
12361148
12383500
11930459
126
995
183
57
4345
495865
11995856
104611
2756999
9825892
10534016
11382515
6633652
3573395
4085160
640168
68700
12179138
2881
5534
6571
4596
26862
527800
12992000
12731944
12882478
948342
331271
813
12573306
11970500
12024814
126817
7388569
184845
11455388
8117158
5535850
12342408
12738115
12219552
2841336
6993867
12256500
12147000
291352
12880000
482200
7687578
24823
12259000
12078851
11927370
435
180
90
