11954776
12587500
7750923
79762
12495337
3012182
12629000
12487500
3052201
31875
6155250
12589773
160
1216
160
1363060
2434608
12002946
620
1856600
12577190
12300
2070
268
283
115
80
12222000
12043460
11889558
5484143
11371557
50435
478883
3206217
12573592
301237
273487
18955
116
264
294
9812915
8873886
13648
12256961
12054877
12423500
176
919
4081208
444
31790
661
352
1200
1685
56006
243173
6083898
792
1319
856
12319500
24508
12501500
12970000
11797500
12766500
73813
250000
6751
2330
1905
268
12205044
12505990
11670136
2922
11792420
2982220
537157
211321
172805
11966541
2821002
54
7178400
2214423
9240779
9485942
11874342
12034500
12642930
12537377
12478500
12131500
12408308
12035208
22
95
51
10909953
78840
1304
11381400
11842828
106
2962180
11406530
731481
94
412
3403
456065
467706
448893
194
488
1502
12564000
12569500
12147500
45668
1043502
10277100
13093500
11884228
130610
4030932
72497
107694
12484664
12297394
12450618
314
26
266
12125500
1947246
4224119
4148
11883000
12266500
1490
5434932
415122
1653
19974
11773500
12702000
11338342
12800880
261205
5077
3763
11231669
12085463
11914093
2084597
10149660
135038
4200
5356
839
10184888
11561261
12270303
5659640
11957456
5841048
156195
380864
1287459
12257008
11734153
11906500
12032471
9472155
2911818
11346784
11692580
12038748
51801
5741240
8812858
234
1301
11052482
5709328
949659
6609660
99
98
768
374557
437836
418178
12781000
12528410
11979093
11970000
12550436
11814452
12273412
12695000
12660500
363
497
518
873
153
2
54
1159
5759
11930670
12370000
12322500
12562416
12242129
12612956
1759262
2336861
7951173
642
419
8095
48902
47350
43592
508
482566
12172585
482467
1145250
1913400
371
392
11189601
1915440
1877958
2009600
12150683
426296
4187500
12153583
10325826
5533617
475323
12078680
741672
232832
19475
4993
1130
467
1473
229
506900
12213000
494
11907652
11700069
12136133
12643828
11120991
7310455
9448338
10048952
4408718
5845352
4598854
1045
204
114
90000
106384
12368500
612
393477
12134742
392
68
123900
12254003
242015
12392720
0
1512
19
508486
3123035
11615500
65220
354126
10869316
12367541
11938708
12508284
5270
1087800
12517914
188
95
81
7347498
11870355
237480
164
12723000
12015559
1362093
886262
1473349
277250
28138
80560
732
444692
6620234
11997852
12477547
12386232
10432
7042875
12171000
2287
758
1460
197472
179874
811434
87738
7428592
56306
12510500
12715000
248008
17896
14270
23924
448214
633394
490279
5340
12296438
10901612
159770
7319592
9288515
12375000
12375000
12375000
12706000
7164180
11250874
217896
1184946
416344
42890
12410687
26817
2214
470600
224056
12325855
496012
9204
2135
345
24477
433700
3018209
11380482
462375
3163554
12191142
6121331
6252212
6269937
569100
93192
282392
265
633
1984
1519
425
650
1060752
12762283
65823
15246
40689
3435894
624875
281373
11842274
493992
496368
12187000
295
3610
1305
3142902
3617107
3686280
11409588
1993888
4037320
462
781
120
73078
6204610
2275212
12321000
11753500
12472000
687
1496
192
3218680
214119
4262375
12141216
11822000
12500000
12539914
12409647
12586190
2816131
2151823
3683156
13907
429421
246238
1216
17453
17376
12209622
12336500
12191500
7393
870055
1973000
2030519
1155853
1430339
6072
620
2388760
5710
469300
12202230
2215507
6037492
1080938
315
86811
57429
12344500
11960947
12627208
4425921
7521552
12400300
915
490131
12053983
12159086
10838570
12424500
159
508842
12187000
109739
113441
3933634
498700
4255084
10176
8844381
8711640
8612520
6223482
12189602
886895
3096569
501166
10093555
2950
110561
2001640
4848406
5633846
5422949
1609
2576
11329925
2040
243881
7935
497
391
845
11939752
13092263
248004
2838
527411
119949
508200
11761533
11863779
5450
2824
12305968
12330290
12363556
12295368
12614352
12932000
12358000
12655500
11775500
12152000
78819
80082
75965
101251
82848
9104220
12505000
12196079
12365233
12201500
11727000
12525000
12361148
12383500
11930299
126
995
183
57
2684
495865
11964632
41942
2603949
9425704
10534016
9191115
6592342
3573395
4085160
269749
9900
12179072
2881
4173
5086
4596
26862
527800
12992000
12731944
12882478
933368
258031
672
12573306
11970500
12024814
126817
7220292
163180
11455388
8058102
2448079
12342408
12738110
12219552
2841336
6993867
12256500
12147000
291352
7637024
482200
7687578
23716
12259000
12078851
11927370
435
180
90
