12359000
12587500
10817326
79762
12610229
3028576
12629000
12487500
3067250
31875
6155250
12616500
160
1216
240
1363060
2461536
12002946
620
1856600
12677500
12300
2070
322
283
115
81
12222000
12115000
12015000
6800661
11814974
50435
502179
3213916
12668000
428237
318318
57411
205
336
394
9812915
9025829
13648
12293500
12241920
12423500
192
919
4277100
444
37225
1204
498
1200
1685
56006
243173
6083898
792
1319
1048
12319500
24508
12501500
12970000
11797500
12766500
73813
250000
6751
4660
1905
268
12231000
12570337
11670136
3460
11909000
3073750
585555
211321
200156
12001500
2821002
74
7244809
2249856
9390345
10454614
12173500
12034500
12681661
12563500
12478500
12131500
12493000
12094000
38
95
51
11294746
78840
1304
11715500
12276467
140
3083143
11406530
731481
94
526
9166
467700
475400
456100
194
488
1503
12564000
12569500
12147500
58975
1076100
10277100
13093500
12248417
141350
6582372
72497
107694
12610000
12341000
12510000
314
26
266
12125500
1963200
4331700
4928
11883000
12266500
2275
5654928
422100
1653
19974
11773500
12702000
11908123
12843000
282880
5077
3763
11745879
12324649
12313978
2101050
10149660
141064
4200
5356
920
10949934
11729447
12637441
5659640
11957456
5884720
166860
380864
1329886
12461000
12375809
11906500
12060202
9535575
3002534
11763849
12367455
12038748
51801
5741240
8861156
250
1301
11127320
9948670
949659
6609660
99
258
768
440367
437836
579688
12781000
12582837
12052500
11970000
12619000
12157000
12373000
12695000
12660500
363
497
686
913
153
2
63
1279
6322
11994000
12370000
12322500
12633000
12402500
12718500
1778732
3567027
9340049
642
419
8095
48902
47350
43592
704
482860
12424500
503300
1145250
1913400
371
392
11541504
1938000
1922000
2009600
12150683
450152
4570446
12225206
10325826
5579280
475323
12078680
893143
232832
19475
6000
1130
467
2518
229
506900
12213000
494
11939000
11731500
12542504
12643828
11346787
7329780
9498721
10048952
4408718
5845352
4598854
1045
204
132
90000
106402
12368500
612
425900
12189000
392
72
123900
12308500
242500
12512458
0
1512
19
519325
3154750
11615500
101787
442904
11681498
12484312
12072781
12508284
5270
1087800
12517914
188
121
128
7347498
11870355
627729
164
12723000
12205500
1362093
1944518
1473349
277429
39575
143247
732
484400
6634000
12199000
12697000
12386232
13189
7042875
12171000
2542
824
1460
237475
179874
1184325
114056
7496984
61770
12510500
12715000
248008
17896
24644
30826
614695
633394
893040
5340
12361000
11635752
164617
7319592
9367456
12375000
12375000
12375000
12706000
8824538
11250874
233772
1226148
487077
45120
12464500
29343
2797
470600
227436
12378500
496012
9528
2135
345
24477
463200
3123959
11695000
471500
3205500
12252000
6147639
6252212
6343785
569100
107600
292275
265
633
1984
1519
425
650
1060752
12806336
70200
15246
40689
3435894
624875
343035
12507179
507000
497250
12187000
295
5687
1305
5330779
5595544
5853997
11495955
1993888
4037320
462
855
120
73078
6204610
2406864
12321000
11753500
12472000
687
1820
204
3218680
222222
4262375
12141216
11822000
12500000
12658500
12409647
12650687
5261058
3548065
5030104
14772
2415734
552970
1590
17453
19920
12279000
12336500
12191500
8630
933660
1973000
3053102
1922829
2502690
6082
720
6270440
13367
469300
12394500
2259198
6062335
1095200
315
109419
147021
12344500
12139500
12659000
4502700
7521552
12678000
915
503100
12453059
12164245
10959728
12424500
186
522000
12187000
110241
116178
5097041
498700
4273800
10176
8896299
8711640
8612520
10700553
12229000
886895
3110250
530300
10093555
3434
118350
2099066
8486765
8427156
8423789
4692
2576
11529500
2040
408533
14565
497
391
1301
12065000
13092263
248004
5068
536500
127050
508200
11901087
11996586
10295
3289
12454746
12523000
12465000
12295368
12844500
12932000
12358000
12655500
11775500
12152000
78819
80082
75965
118529
89936
9251415
12505000
12230500
12365233
12201500
11727000
12525000
12483000
12383500
12080500
126
995
231
57
5050
508568
11964632
72794
4745168
10064170
10534016
11638676
11215580
7352948
6622367
269749
50284
12278000
4545
4173
5881
5240
26862
527800
12992000
12972500
12987500
933368
564569
701
12600000
11970500
12099500
256592
7220292
168178
11976699
8058102
2448079
12500016
12924000
12264000
2889160
7037625
12256500
12147000
291352
7637024
482200
7767600
26600
12259000
12131500
12042500
435
180
90
